version https://git-lfs.github.com/spec/v1
oid sha256:28523acd711285adb026b12eb7f374eaf6d8ebdd9435603385a8f074c05055f5
size 856
