version https://git-lfs.github.com/spec/v1
oid sha256:df2cd84186a022da4f73f8ebfaed16f71794ecf77bf2b1b8e626d2d2f225e762
size 962
